================================================================================
EXTREME REWARD DETECTED at step 2 for agent 0! Value: [-12071.5625]
previous data messages might cause extreme reward:
[[        1         1       100   1619700 642234413 642234413     54112 380501681]
 [        2         1       100   1619700 642234413 642234413     54112 380918235]
 [        1        -1        50   1620000 642234813 642234813     54112 412744096]
 [        1        -1         7   1620200 642237509 642237509     54112 657850146]
 [        2        -1       100   1619900 642231765 642231765     54112 729132054]
 [        1         1        25   1619700 642238477 642238477     54112 729138260]
 [        1         1       100   1619700 642238497 642238497     54112 729155476]
 [        2        -1        50   1620000 642234813 642234813     54112 729158164]
 [        2        -1        25   1619900 642223521 642223521     54112 729180973]
 [        1         1        50   1619700 642238521 642238521     54112 729187641]
 [        1         1       100   1619700 642238537 642238537     54112 729226607]
 [        2        -1       100   1620200 642233941 642233941     54112 729399069]
 [        1         1        30   1619900 642217297 642217297     54112 729511507]
 [        1         1        50   1619900 642225997 642225997     54112 729511507]
 [        1         1       100   1619800 642238633 642238633     54112 729535407]
 [        1         1       100   1619800 642238637 642238637     54112 729536485]
 [        2        -1       100   1620000 642188097 642188097     54112 729539485]
 [        1         1       187   1619800 642238641 642238641     54112 729541612]
 [        1         1        25   1619800 642238649 642238649     54112 729543144]
 [        1         1       100   1619800 642238653 642238653     54112 729544768]
 [        2         1       100   1619800 642238637 642238637     54112 729551725]
 [        1         1       100   1619800 642238665 642238665     54112 729573529]
 [        1         1       100   1619800 642238673 642238673     54112 729581578]
 [        1         1        10   1619800 642238677 642238677     54112 729594636]
 [        2         1        30   1619700 642217313 642217313     54112 729602567]
 [        1         1       100   1619500 642238681 642238681     54112 729604638]
 [        1         1        30   1619800 642238685 642238685     54112 729604827]
 [        2        -1       100   1620000 642188089 642188089     54112 729614481]
 [        1         1         7   1619500 642238701 642238701     54112 729659402]
 [        1        -1        24   1619900 642238753 642238753     54112 729857671]
 [        1         1        24   1619900 642238753 642238753     54112 729857903]
 [        2         1       100   1619800 642238665 642238665     54112 729878320]
 [        2         1       187   1619800 642238641 642238641     54112 729884255]
 [        1         1       100   1619800 642238777 642238777     54112 729897062]
 [        2         1       100   1619800 642238653 642238653     54112 729900263]
 [        1        -1       100   1620000 642238781 642238781     54112 729904202]
 [        2         1        30   1619800 642238685 642238685     54112 729913028]
 [        1         1        10   1619800 642238801 642238801     54112 729970467]
 [        2        -1         7   1620200 642237509 642237509     54112 729974857]
 [        2         1       100   1619800 642238777 642238777     54112 729980556]
 [        1         1       100   1619900 642238817 642238817     54112 729980556]
 [        1         1       100   1619900 642238849 642238849     54112 730010150]
 [        2        -1       100   1620000 642238781 642238781     54112 730013877]
 [        1         1       100   1619800 642238853 642238853     54112 730023495]
 [        2         1        10   1619800 642238801 642238801     54112 730033913]
 [        1         1        10   1619900 642238877 642238877     54112 730037633]
 [        2        -1       100   1620000 642188157 642188157     54112 730066862]
 [        2        -1       100   1620000 642188113 642188113     54112 730091741]
 [        2        -1       100   1620100 642183449 642183449     54112 730124276]
 [        1         1       100   1619900 642238925 642238925     54112 730154058]
 [        1         1       100   1619900 642238937 642238937     54112 730160480]
 [        1        -1        30   1620100 642238953 642238953     54112 730166763]
 [        2         1       100   1619900 642238849 642238849     54112 730313410]
 [        2         1       100   1619900 642238925 642238925     54112 730346443]
 [        1        -1       100   1620100 642239117 642239117     54112 730371539]
 [        1         1         6   1619800 642239233 642239233     54112 730634828]
 [        2        -1        25   1620100 642187637 642187637     54112 730790793]
 [        2        -1       100   1620100 642239117 642239117     54112 730895526]
 [        1         1       100   1619900 642239361 642239361     54112 730918603]
 [        2        -1         6   1620300 642229601 642229601     54112 730920526]
 [        2        -1        50   1620200 642181117 642181117     54112 730951914]
 [        2        -1       100   1620300 642187409 642187409     54112 732301067]
 [        2         1         6   1619800 642239233 642239233     54112 734638068]
 [        1        -1       100   1620300 642239893 642239893     54112 734670427]
 [        2        -1       100   1620300 642239893 642239893     54112 739074049]
 [        2        -1       100   1620100 642181037 642181037     54112 739113782]
 [        2         1       100   1619900 642238817 642238817     54112 739123047]
 [        1         1        50   1619900 642240077 642240077     54112 739141466]
 [        1         1       100   1619900 642240185 642240185     54112 739854742]
 [        1         1         8   1619600 642240741 642240741     54112 741851033]
 [        1         1        25   1619900 642240773 642240773     54112 741897159]
 [        2        -1        30   1620100 642238953 642238953     54112 742711202]
 [        2        -1       100   1620100 642180893 642180893     54112 742741121]
 [        1        -1        30   1620200 642241545 642241545     54112 742999412]
 [        1         1        25   1620000 642241581 642241581     54112 743107458]
 [        2         1       100   1619800 642238633 642238633     54112 743140680]
 [        2        -1       100   1620400 642190737 642190737     54112 743164102]
 [        2         1        10   1619900 642238877 642238877     54112 743171722]
 [        1         1        10   1620000 642241601 642241601     54112 743173522]
 [        1         1       100   1620000 642241641 642241641     54112 743392543]
 [        1         1        30   1619100 642242289 642242289     54112 748148001]
 [        1        -1       100   1620400 642242409 642242409     54112 748807782]
 [        1         1       100   1619700 642242649 642242649     54112 749963873]
 [        2        -1       100   1620400 642242409 642242409     54112 758879588]
 [        1         1        50   1619800 642243409 642243409     54112 759550570]
 [        1         1       100   1620000 642243413 642243413     54112 759566726]
 [        1         1       100   1619800 642243473 642243473     54112 761024182]
 [        1         1         1   1619300 642243497 642243497     54112 761719305]
 [        1         1         4   1619700 642243765 642243765     54112 771475558]
 [        1         1       100   1619600 642243893 642243893     54112 777936263]
 [        2        -1       100   1620500 642206581 642206581     54112 777957974]
 [        1         1        50   1619600 642243961 642243961     54112 781844128]
 [        2        -1         8   1620400 642193717 642193717     54112 795282612]
 [        2        -1       100   1620200 642180645 642180645     54112 795321438]
 [        1         1       100   1620000 642244153 642244153     54112 795328701]
 [        2        -1       100   1620200 642180549 642180549     54112 795350335]
 [        1         1       100   1620000 642244169 642244169     54112 795353866]
 [        1        -1       100   1621000 642244197 642244197     54112 795394387]
 [        2         1       100   1620000 642244153 642244153     54112 815756028]
 [        2         1       100   1619800 642243473 642243473     54112 815757623]]
Combined messages might cause extreme reward:
[[        2         1        10   1759300      -206      -100     54112 815757623]
 [        2        -1        10   1761700      -207      -100     54112 815757623]
 [        2         1         0         0         0         0     54112 815757623]
 [        2         1         0         0         0         0     54112 815757623]
 [        2         1         0         0         0         0     54112 815757623]
 [        2         1         0         0         0         0     54112 815757623]
 [        0         0         0         0      -214         0         0         0]
 [        0         0         0         0      -215         0         0         0]
 [        0         0         0         0      -217         0         0         0]
 [        1         1        10   1758900      -212      -100     54112 815757623]
 [        1        -1        10   1761900      -213      -100     54112 815757623]
 [        0         0         0         0      -216         0         0         0]
 [        1        -1       100   1620500 642244461 642244461     54112 815778823]
 [        2         1       100   1620000 642241641 642241641     54112 830084849]
 [        2         1       100   1620000 642244169 642244169     54112 830105235]
 [        1        -1       100   1620200 642244537 642244537     54112 830108151]
 [        1        -1       100   1620300 642244541 642244541     54112 830175231]
 [        1         1       100   1619800 642244545 642244545     54112 830221393]
 [        2        -1       100   1620300 642244541 642244541     54112 830513667]
 [        2        -1       100   1620200 642244537 642244537     54112 842407916]
 [        1         1       100   1620000 642244753 642244753     54112 842432081]
 [        1         1       100   1620000 642244757 642244757     54112 842453404]
 [        1        -1       100   1620400 642244773 642244773     54112 842502779]
 [        2        -1       100   1620400 642244773 642244773     54112 843039665]
 [        2         1       100   1620000 642244757 642244757     54112 843091310]
 [        2         1       100   1619800 642244545 642244545     54112 843092852]
 [        2         1       100   1620000 642244753 642244753     54112 843112173]
 [        1        -1       100   1620200 642244949 642244949     54112 843117210]
 [        2        -1       100   1620500 642244461 642244461     54112 843715780]
 [        2        -1        30   1620600 642217797 642217797     54112 848289656]
 [        2        -1        30   1620800 642190717 642190717     54112 848317304]
 [        1         1       100   1619800 642245357 642245357     54112 856834361]
 [        1         1         6   1619700 642245417 642245417     54112 858825447]
 [        1         1       100   1620000 642246309 642246309     54112 906897207]
 [        2        -1       100   1620200 642244949 642244949     54112 944805746]
 [        1         1       100   1620000 642246701 642246701     54112 944828357]
 [        1         1       100   1620000 642246705 642246705     54112 944846516]
 [        2        -1        30   1620200 642241545 642241545     54112 945215179]
 [        1         1        25   1620100 642246969 642246969     54112 945308039]
 [        1        -1        30   1620300 642246981 642246981     54112 945338821]
 [        2         1        10   1620000 642241601 642241601     54112 945409665]
 [        1         1        10   1620100 642247065 642247065     54112 945428419]
 [        1         1       100   1620100 642247181 642247181     54112 945566875]
 [        2        -1       100   1620600 642212889 642212889     54112 945775931]
 [        1         1       100   1620100 642247385 642247385     54112 945795188]
 [        2        -1       100   1620300 642153245 642153245     54112 945836001]
 [        1         1       100   1620100 642247409 642247409     54112 945841784]
 [        2        -1        50   1620400 642152329 642152329     54112 945967624]
 [        2        -1         7   1620500 642192917 642192917     54112 945989425]
 [        1         1       100   1620100 642247533 642247533     54112 945991820]
 [        1        -1       100   1621100 642247609 642247609     54112 946082481]
 [        2        -1       100   1620300 642152201 642152201     54112 946086677]
 [        2         1       100   1620100 642247181 642247181     54112 946095434]
 [        2         1       100   1620100 642247409 642247409     54112 946740339]
 [        1        -1       100   1620300 642248117 642248117     54112 946766358]
 [        1        -1       100   1620400 642248209 642248209     54112 947142837]
 [        2         1       100   1620100 642247385 642247385     54112 947564508]
 [        2        -1       100   1620400 642248209 642248209     54112 948020912]
 [        1         1        20   1620100 642248865 642248865     54112 949726209]
 [        1        -1       100   1620600 642250037 642250037     54112 975472919]
 [        2         1        25   1620100 642246969 642246969     54113  26400586]
 [        1        -1        25   1620300 642251489 642251489     54113  26402937]
 [        2         1       100   1620100 642247533 642247533     54113  26443176]
 [        1        -1         6   1620500 642251521 642251521     54113  26555987]
 [        2         1       100   1620000 642246701 642246701     54113  26976517]
 [        1        -1       100   1620200 642251565 642251565     54113  26999677]
 [        2        -1        30   1620300 642246981 642246981     54113  27020754]
 [        1        -1       100   1620200 642251573 642251573     54113  27028871]
 [        1        -1        50   1620400 642251577 642251577     54113  27035355]
 [        1        -1       100   1620400 642251589 642251589     54113  27088609]
 [        2        -1       100   1620400 642251589 642251589     54113  27242023]
 [        2        -1       100   1620200 642251565 642251565     54113  27262716]
 [        1         1       100   1620000 642251617 642251617     54113  27286128]
 [        2        -1       100   1620200 642251573 642251573     54113  27291956]
 [        1        -1        30   1620300 642251633 642251633     54113  27351003]
 [        2        -1        50   1620400 642251577 642251577     54113  50275902]
 [        1         1       100   1620100 642252925 642252925     54113  54619273]
 [        2         1       100   1620100 642252925 642252925     54113  54707868]
 [        2        -1       100   1620300 642248117 642248117     54113  59968622]
 [        1         1       100   1620100 642253301 642253301     54113  59993010]
 [        1         1        25   1620100 642253309 642253309     54113  59998085]
 [        1         1        50   1620100 642253317 642253317     54113  60023010]
 [        2        -1         6   1620500 642251521 642251521     54113  60109190]
 [        2         1       100   1620100 642253301 642253301     54113  60493671]
 [        1        -1       100   1620300 642253493 642253493     54113  60517076]
 [        2         1        50   1620100 642253317 642253317     54113  61087064]
 [        1         1       100   1620100 642253741 642253741     54113  65768751]
 [        2         1       100   1620100 642253741 642253741     54113  65857282]
 [        1        -1         7   1620500 642254201 642254201     54113  81051148]
 [        1         1       100   1620100 642254205 642254205     54113  81685304]
 [        2         1       100   1620100 642254205 642254205     54113  81790081]
 [        1         1       100   1620100 642254721 642254721     54113 108597625]
 [        2         1       100   1620100 642254721 642254721     54113 108675338]
 [        1         1       100   1620100 642255021 642255021     54113 123172801]
 [        2         1       100   1620100 642255021 642255021     54113 123605747]
 [        1         1       100   1620100 642255317 642255317     54113 134029148]
 [        2        -1       100   1620300 642253493 642253493     54113 134063862]
 [        1         1       100   1620100 642255321 642255321     54113 134087343]
 [        2        -1         7   1620500 642254201 642254201     54113 134117141]
 [        2         1       100   1620100 642255317 642255317     54113 134128780]
 [        2         1       100   1620100 642255321 642255321     54113 134162428]
 [        1        -1       100   1620300 642255345 642255345     54113 134186857]
 [        2        -1       100   1620600 642250037 642250037     54113 134501556]
 [        1        -1       100   1620600 642255489 642255489     54113 134737740]
 [        1         1       100   1620100 642255805 642255805     54113 147852843]
 [        2         1       100   1620100 642255805 642255805     54113 147937702]
 [        1         1       100   1620100 642256325 642256325     54113 185965402]
 [        2         1       100   1620100 642256325 642256325     54113 186899984]
 [        1        -1        50   1620400 642256653 642256653     54113 205220677]
 [        1         1       100   1620100 642256673 642256673     54113 205586046]
 [        2         1       100   1620100 642256673 642256673     54113 205924387]
 [        1         1       100   1620100 642257049 642257049     54113 217567913]]
Trades that might be causing extreme reward:
[[  1759400        65        -2 642244461     54112 815778823       -21 642244461]
 [  1758900        10      -212 642244461     54112 815778823      -100 642244461]
 [       -1        -1        -1        -1        -1        -1        -1        -1]
 [       -1        -1        -1        -1        -1        -1        -1        -1]
 [       -1        -1        -1        -1        -1        -1        -1        -1]
 [       -1        -1        -1        -1        -1        -1        -1        -1]
 [       -1        -1        -1        -1        -1        -1        -1        -1]
 [       -1        -1        -1        -1        -1        -1        -1        -1]
 [       -1        -1        -1        -1        -1        -1        -1        -1]
 [       -1        -1        -1        -1        -1        -1        -1        -1]
 [       -1        -1        -1        -1        -1        -1        -1        -1]
 [       -1        -1        -1        -1        -1        -1        -1        -1]
 [       -1        -1        -1        -1        -1        -1        -1        -1]
 [       -1        -1        -1        -1        -1        -1        -1        -1]
 [       -1        -1        -1        -1        -1        -1        -1        -1]
 [       -1        -1        -1        -1        -1        -1        -1        -1]
 [       -1        -1        -1        -1        -1        -1        -1        -1]
 [       -1        -1        -1        -1        -1        -1        -1        -1]
 [       -1        -1        -1        -1        -1        -1        -1        -1]
 [       -1        -1        -1        -1        -1        -1        -1        -1]
 [       -1        -1        -1        -1        -1        -1        -1        -1]
 [       -1        -1        -1        -1        -1        -1        -1        -1]
 [       -1        -1        -1        -1        -1        -1        -1        -1]
 [       -1        -1        -1        -1        -1        -1        -1        -1]
 [       -1        -1        -1        -1        -1        -1        -1        -1]
 [       -1        -1        -1        -1        -1        -1        -1        -1]
 [       -1        -1        -1        -1        -1        -1        -1        -1]
 [       -1        -1        -1        -1        -1        -1        -1        -1]
 [       -1        -1        -1        -1        -1        -1        -1        -1]
 [       -1        -1        -1        -1        -1        -1        -1        -1]
 [       -1        -1        -1        -1        -1        -1        -1        -1]
 [       -1        -1        -1        -1        -1        -1        -1        -1]
 [       -1        -1        -1        -1        -1        -1        -1        -1]
 [       -1        -1        -1        -1        -1        -1        -1        -1]
 [       -1        -1        -1        -1        -1        -1        -1        -1]
 [       -1        -1        -1        -1        -1        -1        -1        -1]
 [       -1        -1        -1        -1        -1        -1        -1        -1]
 [       -1        -1        -1        -1        -1        -1        -1        -1]
 [       -1        -1        -1        -1        -1        -1        -1        -1]
 [       -1        -1        -1        -1        -1        -1        -1        -1]
 [       -1        -1        -1        -1        -1        -1        -1        -1]
 [       -1        -1        -1        -1        -1        -1        -1        -1]
 [       -1        -1        -1        -1        -1        -1        -1        -1]
 [       -1        -1        -1        -1        -1        -1        -1        -1]
 [       -1        -1        -1        -1        -1        -1        -1        -1]
 [       -1        -1        -1        -1        -1        -1        -1        -1]
 [       -1        -1        -1        -1        -1        -1        -1        -1]
 [       -1        -1        -1        -1        -1        -1        -1        -1]
 [       -1        -1        -1        -1        -1        -1        -1        -1]
 [       -1        -1        -1        -1        -1        -1        -1        -1]
 [       -1        -1        -1        -1        -1        -1        -1        -1]
 [       -1        -1        -1        -1        -1        -1        -1        -1]
 [       -1        -1        -1        -1        -1        -1        -1        -1]
 [       -1        -1        -1        -1        -1        -1        -1        -1]
 [       -1        -1        -1        -1        -1        -1        -1        -1]
 [       -1        -1        -1        -1        -1        -1        -1        -1]
 [       -1        -1        -1        -1        -1        -1        -1        -1]
 [       -1        -1        -1        -1        -1        -1        -1        -1]
 [       -1        -1        -1        -1        -1        -1        -1        -1]
 [       -1        -1        -1        -1        -1        -1        -1        -1]
 [       -1        -1        -1        -1        -1        -1        -1        -1]
 [       -1        -1        -1        -1        -1        -1        -1        -1]
 [       -1        -1        -1        -1        -1        -1        -1        -1]
 [       -1        -1        -1        -1        -1        -1        -1        -1]
 [       -1        -1        -1        -1        -1        -1        -1        -1]
 [       -1        -1        -1        -1        -1        -1        -1        -1]
 [       -1        -1        -1        -1        -1        -1        -1        -1]
 [       -1        -1        -1        -1        -1        -1        -1        -1]
 [       -1        -1        -1        -1        -1        -1        -1        -1]
 [       -1        -1        -1        -1        -1        -1        -1        -1]
 [       -1        -1        -1        -1        -1        -1        -1        -1]
 [       -1        -1        -1        -1        -1        -1        -1        -1]
 [       -1        -1        -1        -1        -1        -1        -1        -1]
 [       -1        -1        -1        -1        -1        -1        -1        -1]
 [       -1        -1        -1        -1        -1        -1        -1        -1]
 [       -1        -1        -1        -1        -1        -1        -1        -1]
 [       -1        -1        -1        -1        -1        -1        -1        -1]
 [       -1        -1        -1        -1        -1        -1        -1        -1]
 [       -1        -1        -1        -1        -1        -1        -1        -1]
 [       -1        -1        -1        -1        -1        -1        -1        -1]
 [       -1        -1        -1        -1        -1        -1        -1        -1]
 [       -1        -1        -1        -1        -1        -1        -1        -1]
 [       -1        -1        -1        -1        -1        -1        -1        -1]
 [       -1        -1        -1        -1        -1        -1        -1        -1]
 [       -1        -1        -1        -1        -1        -1        -1        -1]
 [       -1        -1        -1        -1        -1        -1        -1        -1]
 [       -1        -1        -1        -1        -1        -1        -1        -1]
 [       -1        -1        -1        -1        -1        -1        -1        -1]
 [       -1        -1        -1        -1        -1        -1        -1        -1]
 [       -1        -1        -1        -1        -1        -1        -1        -1]
 [       -1        -1        -1        -1        -1        -1        -1        -1]
 [       -1        -1        -1        -1        -1        -1        -1        -1]
 [       -1        -1        -1        -1        -1        -1        -1        -1]
 [       -1        -1        -1        -1        -1        -1        -1        -1]
 [       -1        -1        -1        -1        -1        -1        -1        -1]
 [       -1        -1        -1        -1        -1        -1        -1        -1]
 [       -1        -1        -1        -1        -1        -1        -1        -1]
 [       -1        -1        -1        -1        -1        -1        -1        -1]
 [       -1        -1        -1        -1        -1        -1        -1        -1]
 [       -1        -1        -1        -1        -1        -1        -1        -1]]
Best bids:
[[1759600      80]
 [1759600      80]
 [1759600      80]
 [1759600      80]
 [1759600      80]
 [1759600      80]
 [1759600      80]
 [1759600      80]
 [1759600      80]
 [1759600      80]
 [1759600      80]
 [1759600      80]
 [1759600      80]
 [1759600      80]
 [1759600      30]
 [1759600      23]
 [1759600      23]
 [1759600      23]
 [1759600      23]
 [1759600      23]
 [1759600      23]
 [1759600      23]
 [1759600      23]
 [1759600      23]
 [1759600      23]
 [1759600      23]
 [1759600      23]
 [1759600      23]
 [1759600      23]
 [1759600      23]
 [1759600      23]
 [1759600      23]
 [1759600      23]
 [1759600      23]
 [1759600      23]
 [1759600      23]
 [1759600      23]
 [1759600      23]
 [1759600      23]
 [1759600      23]
 [1759600      23]
 [1759500     467]
 [1759500     467]
 [1759500     467]
 [1759500     467]
 [1759500     467]
 [1759500     467]
 [1759500     367]
 [1759500     367]
 [1759500     367]
 [1759500     367]
 [1759500     367]
 [1759500     367]
 [1759500     367]
 [1759500     367]
 [1759500     367]
 [1759500     367]
 [1759500     367]
 [1759500     367]
 [1759500     367]
 [1759500     367]
 [1759500     367]
 [1759500     367]
 [1759500     337]
 [1759500     337]
 [1759500     337]
 [1759500     237]
 [1759500     237]
 [1759500     237]
 [1759500     237]
 [1759500     237]
 [1759500     237]
 [1759500     237]
 [1759500     237]
 [1759500     237]
 [1759500     137]
 [1759500     137]
 [1759500     137]
 [1759500     137]
 [1759500     137]
 [1759500     137]
 [1759500     137]
 [1759500     137]
 [1759500     137]
 [1759500     137]
 [1759500     107]
 [1759500     107]
 [1759500     107]
 [1759500     107]
 [1759500     107]
 [1759500     107]
 [1759500     107]
 [1759500     107]
 [1759500       7]
 [1759500       7]
 [1759500       7]
 [1759500       7]
 [1759500       7]
 [1759500       7]
 [1759500       7]
 [1759500       7]
 [1759500       7]
 [1759500       7]
 [1759500       7]
 [1759500       7]
 [1759500       7]
 [1759500       7]
 [1759500       7]
 [1759500       7]
 [1759400      65]
 [1759400      65]
 [1759400      65]]
Best asks:
[[1760400     200]
 [1760400     200]
 [1760400     200]
 [1760400     200]
 [1760400     200]
 [1760400     200]
 [1760400     200]
 [1760400     200]
 [1760400     200]
 [1760400     200]
 [1760400     200]
 [1760400     200]
 [1760400     200]
 [1760400     200]
 [1760400     200]
 [1760400     200]
 [1760400     200]
 [1760400     200]
 [1760400     200]
 [1760400     200]
 [1760400     200]
 [1760400     200]
 [1760400     200]
 [1760400     200]
 [1760400     200]
 [1760400     200]
 [1760400     200]
 [1760400     200]
 [1760400     200]
 [1760400     200]
 [1760400     200]
 [1760400     200]
 [1760400     200]
 [1760400     200]
 [1760400     200]
 [1760400     200]
 [1760400     200]
 [1760400     200]
 [1760400     200]
 [1760400     200]
 [1760400     200]
 [1760400     200]
 [1760400     200]
 [1760400     200]
 [1760400     200]
 [1760400     200]
 [1760400     200]
 [1760400     200]
 [1760400     200]
 [1760400     200]
 [1760400     200]
 [1760400     200]
 [1760400     200]
 [1760400     200]
 [1760400     200]
 [1760400     200]
 [1760400     200]
 [1760400     200]
 [1760400     200]
 [1760400     200]
 [1760400     200]
 [1760400     200]
 [1760400     200]
 [1760400     200]
 [1760400     200]
 [1760400     200]
 [1760400     200]
 [1760400     200]
 [1760400     200]
 [1760400     200]
 [1760400     200]
 [1760400     200]
 [1760400     200]
 [1760400     200]
 [1760400     200]
 [1760400     200]
 [1760400     200]
 [1760400     200]
 [1760400     200]
 [1760400     200]
 [1760400     200]
 [1760400     200]
 [1760400     200]
 [1760400     200]
 [1760400     200]
 [1760400     200]
 [1760400     200]
 [1760400     200]
 [1760400     200]
 [1760400     200]
 [1760400     200]
 [1760400     200]
 [1760400     200]
 [1760400     200]
 [1760400     200]
 [1760400     200]
 [1760400     200]
 [1760400     200]
 [1760400     200]
 [1760400     200]
 [1760400     200]
 [1760400     200]
 [1760400     200]
 [1760400     200]
 [1760400     200]
 [1760400     200]
 [1760400     200]
 [1760400     200]
 [1760400     200]
 [1760400     200]
 [1760400     200]
 [1760400     200]]
================================================================================